`FMD` <-
structure(list(fmd = structure(c(334600L, 337900L, 341700L, 348500L, 
356900L, 348600L, 307350L, 308550L, 297200L, 295580L, 295860L, 
296300L, 327350L, 327250L, 326880L, 328490L, 327430L, 327920L, 
328290L, 325490L, 325390L, 324570L, 324330L, 324430L, 324200L, 
330180L, 330020L, 328520L, 331170L, 330510L, 330990L, 325490L, 
329050L, 328610L, 320650L, 325980L, 325540L, 324800L, 325320L, 
323670L, 321830L, 322820L, 328390L, 323020L, 324440L, 325010L, 
319580L, 319910L, 319720L, 318390L, 318840L, 318050L, 317690L, 
315430L, 315670L, 316460L, 317100L, 315680L, 313450L, 316800L, 
315710L, 315130L, 316290L, 315080L, 314140L, 320100L, 321560L, 
321050L, 320890L, 318900L, 318990L, 318910L, 320270L, 319150L, 
310410L, 315650L, 313870L, 315400L, 313010L, 314370L, 310450L, 
312370L, 316040L, 313670L, 313000L, 312630L, 322870L, 323460L, 
321970L, 323356L, 332520L, 335600L, 336150L, 334660L, 334250L, 
334390L, 333250L, 336280L, 333730L, 336050L, 334480L, 335710L, 
335600L, 333090L, 334320L, 335340L, 332230L, 331650L, 333060L, 
333970L, 330340L, 330310L, 328670L, 327770L, 330760L, 333460L, 
330030L, 328060L, 325790L, 327120L, 332020L, 327690L, 327760L, 
323770L, 321640L, 322640L, 321550L, 322640L, 322450L, 323220L, 
322400L, 322930L, 323160L, 325230L, 324630L, 326840L, 325910L, 
328980L, 328890L, 327990L, 327110L, 324460L, 324100L, 309060L, 
309090L, 309960L, 314790L, 319460L, 319970L, 321360L, 320480L, 
317410L, 312100L, 309880L, 312090L, 309820L, 309670L, 311650L, 
312610L, 309890L, 309785L, 322840L, 323100L, 325160L, 321530L, 
311340L, 313220L, 311550L, 315400L, 310870L, 314760L, 334000L, 
324230L, 319570L, 322250L, 325200L, 326770L, 325590L, 322630L, 
321030L, 324330L, 324930L, 332280L, 333450L, 330660L, 331400L, 
341165L, 337680L, 339000L, 338930L, 337850L, 334700L, 335370L, 
334260L, 334700L, 334220L, 334580L, 335850L, 335880L, 337290L, 
338580L, 338160L, 339430L, 338570L, 339660L, 335860L, 337380L, 
337930L, 337160L, 337750L, 338700L, 339590L, 336600L, 335190L, 
329610L, 329050L, 331790L, 331100L, 328410L, 328100L, 325830L, 
330050L, 326930L, 326350L, 326440L, 329200L, 329680L, 333870L, 
333510L, 333200L, 333400L, 334420L, 334030L, 332150L, 332940L, 
335210L, 340030L, 341810L, 338650L, 340430L, 342210L, 344060L, 
343060L, 343930L, 343240L, 345310L, 340280L, 340660L, 334360L, 
335130L, 334810L, 334110L, 334670L, 334270L, 336600L, 338200L, 
335370L, 336200L, 336840L, 340930L, 342540L, 342790L, 343040L, 
350310L, 347720L, 344380L, 345210L, 347570L, 321840L, 311790L, 
309310L, 310090L, 313400L, 313590L, 310730L, 318200L, 312620L, 
310380L, 310920L, 316950L, 355200L, 352990L, 356950L, 355430L, 
352180L, 353610L, 350540L, 351150L, 352150L, 352340L, 352970L, 
351700L, 350850L, 353240L, 354650L, 354180L, 346930L, 348300L, 
366860L, 355690L, 357130L, 354290L, 358130L, 328700L, 329200L, 
351850L, 353400L, 352820L, 352650L, 370120L, 339350L, 339840L, 
338170L, 338410L, 336540L, 337360L, 335850L, 335530L, 335860L, 
335250L, 334840L, 336290L, 337200L, 337510L, 349130L, 346800L, 
347850L, 364420L, 363530L, 361500L, 345980L, 348860L, 347560L, 
347950L, 344890L, 359580L, 358520L, 358090L, 358230L, 358910L, 
354210L, 353430L, 353594L, 354860L, 354740L, 353720L, 355820L, 
355100L, 355150L, 343080L, 342410L, 345060L, 346070L, 343800L, 
344510L, 348500L, 346840L, 346300L, 348150L, 345020L, 348150L, 
346010L, 347530L, 348230L, 346380L, 344600L, 344300L, 349420L, 
343420L, 347600L, 343770L, 349340L, 345430L, 347540L, 347800L, 
342820L, 345520L, 343700L, 346420L, 343040L, 344300L, 346420L, 
345830L, 345170L, 357350L, 356390L, 356930L, 342290L, 359220L, 
355310L, 358260L, 359550L, 357310L, 356440L, 356900L, 357680L, 
354500L, 354700L, 356650L, 355860L, 354450L, 353930L, 349810L, 
352850L, 349940L, 349390L, 355280L, 342590L, 338460L, 341190L, 
339120L, 337780L, 335900L, 340120L, 336800L, 337840L, 360100L, 
361020L, 362110L, 361380L, 360580L, 362390L, 361680L, 349530L, 
350670L, 352730L, 351620L, 351620L, 350880L, 341890L, 340840L, 
344820L, 343200L, 343610L, 341240L, 346230L, 342100L, 341110L, 
341230L, 345890L, 342440L, 343910L, 342280L, 342450L, 344650L, 
343300L, 342230L, 340890L, 345020L, 340060L, 340700L, 345530L, 
343960L, 345970L, 340590L, 343150L, 341670L, 349510L, 347900L, 
346300L, 345420L, 345990L, 345990L, 346500L, 337320L, 337740L, 
334980L, 336740L, 340690L, 339850L, 334630L, 341960L, 340800L, 
334120L, 335830L, 333290L, 333700L, 336410L, 336690L, 335600L, 
343760L, 343590L, 342320L, 342450L, 341040L, 340890L, 341710L, 
343445L, 337320L, 337630L, 342380L, 342260L, 340190L, 341200L, 
340910L, 342870L, 338420L, 339630L, 341730L, 344870L, 345470L, 
342840L, 345890L, 348610L, 350050L, 349390L, 347570L, 348520L, 
351750L, 346860L, 350099L, 339660L, 339690L, 340980L, 338940L, 
341200L, 339520L, 310410L, 309780L, 308420L, 306890L, 307040L, 
308520L, 307400L, 310900L, 312280L, 312890L, 312700L, 319130L, 
319650L, 321130L, 319120L, 336400L, 335900L, 337830L, 324671L, 
366803L, 369095L, 369520L, 368594L, 368562L, 368580L, 378080L, 
378597L, 381240L, 372830L, 368600L, 366730L, 370910L, 367740L, 
370880L, 370900L, 376840L, 375670L, 378770L, 381420L, 383030L, 
377050L, 376490L, 363070L, 363950L, 365100L, 367710L, 366740L, 
366470L, 365030L, 365610L, 370528L, 378310L, 378140L, 383390L, 
384530L, 368700L, 370410L, 375240L, 372890L, 371640L, 373190L, 
373600L, 377040L, 377940L, 376930L, 378030L, 351140L, 350450L, 
351200L, 349960L, 353670L, 350410L, 350550L, 348990L, 362000L, 
361430L, 363750L, 354660L, 360870L, 362910L, 362870L, 361410L, 
362130L, 360750L, 363400L, 363430L, 359510L, 359020L, 360390L, 
362210L, 362600L, 361040L, 355590L, 353160L, 355550L, 353950L, 
358470L, 356220L, 356700L, 356600L, 362260L, 362650L, 356260L, 
356260L, 353250L, 354790L, 359530L, 360440L, 360760L, 357300L, 
357920L, 359360L, 358160L, 358170L, 360080L, 362200L, 359520L, 
356850L, 357200L, 358560L, 360170L, 350410L, 349650L, 351290L, 
352050L, 365770L, 354300L, 355800L, 356200L, 349642L, 358300L, 
542500L, 543400L, 551000L, 574100L, 533600L, 569900L, 502960L, 
504610L, 511500L, 512580L, 513580L, 514060L, 552840L, 553090L, 
553010L, 554670L, 554150L, 552490L, 551560L, 553510L, 553280L, 
554920L, 555090L, 556590L, 556770L, 553010L, 552750L, 552120L, 
553160L, 551660L, 552220L, 554090L, 554410L, 555410L, 542640L, 
543410L, 544130L, 543180L, 543420L, 544140L, 541530L, 542600L, 
539440L, 541770L, 540600L, 544140L, 544450L, 546140L, 546530L, 
546370L, 544690L, 545710L, 543750L, 545440L, 545800L, 546470L, 
546160L, 546220L, 547220L, 549530L, 550480L, 547850L, 549130L, 
550090L, 549710L, 555400L, 556210L, 556470L, 555060L, 554500L, 
554610L, 553770L, 555540L, 550900L, 551410L, 553610L, 552130L, 
554200L, 552940L, 553680L, 550490L, 550990L, 552810L, 554010L, 
553300L, 552150L, 555980L, 555660L, 554880L, 555234L, 540400L, 
542660L, 541840L, 542050L, 541570L, 540710L, 543520L, 542260L, 
542500L, 542910L, 544420L, 544100L, 545500L, 541700L, 543430L, 
544350L, 550810L, 550150L, 550560L, 550760L, 551150L, 551310L, 
550570L, 550830L, 545350L, 548430L, 549040L, 542880L, 545610L, 
544500L, 548660L, 542060L, 546540L, 546000L, 547530L, 547470L, 
546500L, 549970L, 550120L, 545380L, 544400L, 551740L, 552470L, 
550260L, 551200L, 549490L, 550820L, 549430L, 548660L, 549630L, 
547730L, 551810L, 553440L, 542480L, 543070L, 544070L, 542330L, 
539750L, 539300L, 539950L, 539600L, 540990L, 541600L, 541590L, 
545150L, 548760L, 549490L, 548840L, 548940L, 550010L, 547190L, 
538620L, 537560L, 538280L, 540510L, 543970L, 543080L, 543200L, 
543860L, 544240L, 544990L, 538700L, 501430L, 494470L, 558180L, 
560790L, 559380L, 559330L, 561040L, 561720L, 559180L, 560280L, 
559780L, 561520L, 558730L, 556800L, 554732L, 549630L, 549000L, 
548660L, 548810L, 551300L, 551280L, 549140L, 548500L, 547410L, 
548860L, 552230L, 545560L, 546170L, 545970L, 546520L, 546740L, 
