`northcumbria` <-
structure(c(356274.990360284, 357291.446553487, 357291.446553487, 
361611.385374597, 365423.096099106, 368472.464678714, 369234.806823616, 
363898.411809303, 363898.411809303, 362119.613471198, 364152.525857603, 
364914.868002505, 362881.9556161, 363390.183712702, 366185.438244008, 
369743.034920217, 373046.517548125, 379653.482803941, 380669.938997143, 
377874.684465837, 381432.281142045, 381432.281142045, 379907.596852241, 
386514.562108057, 386514.562108057, 389563.930687665, 389818.044735965, 
388547.474494462, 383973.421625051, 380669.938997143, 381178.167093745, 
375587.658031131, 373808.859693027, 365423.096099106, 347380.998669763, 
342298.717703751, 340774.033413947, 339249.349124143, 334421.182206432, 
328068.330998916, 325527.19051591, 325273.076467609, 328068.330998916, 
327814.216950616, 324510.734322708, 321461.3657431, 320190.795501597, 
321207.2516948, 319682.567404996, 320190.795501597, 312567.374052579, 
306722.750941665, 306976.864989965, 293762.934478333, 294017.048526634, 
295541.732816438, 297574.645202842, 301894.584023953, 306722.750941665, 
305452.180700161, 315362.628583885, 325273.076467609, 326543.646709113, 
328576.559095517, 330609.471481922, 333658.84006153, 332896.497916628, 
332896.497916628, 338487.006979241, 340011.691269045, 346618.656524861, 
588901.369976014, 587376.685686211, 586106.115444708, 581786.176623597, 
576958.009705886, 577466.237802487, 572129.842788174, 569334.588256867, 
566285.21967726, 563744.079194254, 563489.965145953, 559170.026324843, 
554341.859407131, 551292.490827524, 546210.209861511, 549005.464392818, 
550784.262730922, 545193.753668309, 542144.385088701, 533250.39339818, 
530709.252915174, 529184.56862537, 526389.314094063, 518257.664548444, 
515462.410017137, 515716.524065438, 507584.874519818, 506314.304278315, 
506060.190230014, 504281.39189191, 498436.768780996, 495895.62829799, 
497420.312587793, 497674.426636094, 509109.558809622, 510380.129051125, 
507838.988568119, 508093.102616419, 511650.699292628, 508347.21666472, 
507838.988568119, 505043.734036812, 502756.707602106, 502248.479505505, 
501740.251408904, 495133.286153088, 493100.373766683, 482173.469689756, 
481157.013496554, 477599.416820345, 475312.39038564, 488780.434945572, 
492846.259718382, 512921.269534131, 515208.295968836, 516732.98025864, 
529692.796721971, 537062.104122689, 541636.1569921, 549005.464392818, 
563998.193242554, 564760.535387456, 563744.079194254, 565776.991580659, 
566031.105628959, 571621.614691573, 573400.413029677, 574162.755174579, 
573908.641126278, 575941.553512683, 583056.7468651), .Dim = c(71L, 
2L), .Dimnames = list(NULL, c("x", "y")))
